0.00000    253.15000
0.00204    253.27802
0.00407    253.40604
0.00611    253.53405
0.00814    253.66206
0.01018    253.79005
0.01222    253.91804
0.01425    254.04602
0.01629    254.17398
0.01832    254.30192
0.02036    254.42985
0.02239    254.55776
0.02443    254.68564
0.02647    254.81350
0.02850    254.94133
0.03054    255.06914
0.03257    255.19691
0.03461    255.32465
0.03665    255.45236
0.03868    255.58003
0.04072    255.70766
0.04275    255.83525
0.04479    255.96279
0.04682    256.09030
0.04886    256.21775
0.05090    256.34516
0.05293    256.47251
0.05497    256.59982
0.05700    256.72706
0.05904    256.85425
0.06108    256.98139
0.06311    257.10846
0.06515    257.23546
0.06718    257.36241
0.06922    257.48928
0.07125    257.61609
0.07329    257.74282
0.07533    257.86949
0.07736    257.99607
0.07940    258.12259
0.08143    258.24902
0.08347    258.37537
0.08551    258.50164
0.08754    258.62782
0.08958    258.75392
0.09161    258.87993
0.09365    259.00584
0.09569    259.13167
0.09772    259.25740
0.09976    259.38303
0.10179    259.50857
0.10383    259.63400
0.10586    259.75934
0.10790    259.88457
0.10994    260.00969
0.11197    260.13470
0.11401    260.25961
0.11604    260.38440
0.11808    260.50908
0.12012    260.63365
0.12215    260.75809
0.12419    260.88242
0.12622    261.00663
0.12826    261.13071
0.13029    261.25467
0.13233    261.37850
0.13437    261.50220
0.13640    261.62577
0.13844    261.74921
0.14047    261.87252
0.14251    261.99569
0.14455    262.11872
0.14658    262.24161
0.14862    262.36436
0.15065    262.48697
0.15269    262.60943
0.15472    262.73175
0.15676    262.85391
0.15880    262.97593
0.16083    263.09780
0.16287    263.21951
0.16490    263.34106
0.16694    263.46246
0.16898    263.58370
0.17101    263.70478
0.17305    263.82569
0.17508    263.94644
0.17712    264.06703
0.17916    264.18745
0.18119    264.30769
0.18323    264.42777
0.18526    264.54768
0.18730    264.66741
0.18933    264.78696
0.19137    264.90634
0.19341    265.02554
0.19544    265.14455
0.19748    265.26339
0.19951    265.38204
0.20155    265.50050
0.20359    265.61878
0.20562    265.73686
0.20766    265.85476
0.20969    265.97247
0.21173    266.08998
0.21376    266.20729
0.21580    266.32441
0.21784    266.44133
0.21987    266.55805
0.22191    266.67457
0.22394    266.79089
0.22598    266.90700
0.22802    267.02291
0.23005    267.13861
0.23209    267.25410
0.23412    267.36938
0.23616    267.48445
0.23819    267.59930
0.24023    267.71394
0.24227    267.82837
0.24430    267.94257
0.24634    268.05656
0.24837    268.17033
0.25041    268.28387
0.25245    268.39719
0.25448    268.51029
0.25652    268.62316
0.25855    268.73581
0.26059    268.84822
0.26262    268.96041
0.26466    269.07237
0.26670    269.18409
0.26873    269.29558
0.27077    269.40683
0.27280    269.51785
0.27484    269.62863
0.27688    269.73917
0.27891    269.84947
0.28095    269.95953
0.28298    270.06935
0.28502    270.17892
0.28706    270.28825
0.28909    270.39733
0.29113    270.50617
0.29316    270.61475
0.29520    270.72309
0.29723    270.83117
0.29927    270.93901
0.30131    271.04659
0.30334    271.15391
0.30538    271.26098
0.30741    271.36780
0.30945    271.47435
0.31149    271.58065
0.31352    271.68669
0.31556    271.79247
0.31759    271.89798
0.31963    272.00323
0.32166    272.10822
0.32370    272.21295
0.32574    272.31740
0.32777    272.42159
0.32981    272.52552
0.33184    272.62917
0.33388    272.73256
0.33592    272.83567
0.33795    272.93851
0.33999    273.04108
0.34202    273.14338
