0.00000    253.15000
0.00200    253.27793
0.00400    253.40586
0.00600    253.53378
0.00800    253.66170
0.01000    253.78961
0.01200    253.91751
0.01400    254.04539
0.01600    254.17327
0.01800    254.30113
0.02000    254.42897
0.02200    254.55679
0.02400    254.68459
0.02600    254.81236
0.02800    254.94011
0.03000    255.06783
0.03200    255.19553
0.03400    255.32319
0.03600    255.45081
0.03800    255.57841
0.04000    255.70596
0.04200    255.83348
0.04400    255.96095
0.04600    256.08838
0.04800    256.21577
0.05000    256.34310
0.05200    256.47039
0.05400    256.59763
0.05600    256.72482
0.05800    256.85195
0.06000    256.97902
0.06200    257.10603
0.06400    257.23299
0.06600    257.35988
0.06800    257.48670
0.07000    257.61346
0.07200    257.74016
0.07400    257.86678
0.07600    257.99332
0.07800    258.11980
0.08000    258.24620
0.08200    258.37252
0.08400    258.49876
0.08600    258.62492
0.08800    258.75099
0.09000    258.87698
0.09200    259.00288
0.09400    259.12869
0.09600    259.25442
0.09800    259.38004
0.10000    259.50558
0.10200    259.63101
0.10400    259.75635
0.10600    259.88159
0.10800    260.00672
0.11000    260.13175
0.11200    260.25668
0.11400    260.38149
0.11600    260.50620
0.11800    260.63079
0.12000    260.75528
0.12200    260.87964
0.12400    261.00389
0.12600    261.12802
0.12800    261.25203
0.13000    261.37592
0.13200    261.49968
0.13400    261.62332
0.13600    261.74683
0.13800    261.87021
0.14000    261.99346
0.14200    262.11657
0.14400    262.23955
0.14600    262.36240
0.14800    262.48510
0.15000    262.60767
0.15200    262.73009
0.15400    262.85237
0.15600    262.97450
0.15800    263.09649
0.16000    263.21833
0.16200    263.34001
0.16400    263.46155
0.16600    263.58293
0.16800    263.70416
0.17000    263.82522
0.17200    263.94613
0.17400    264.06688
0.17600    264.18747
0.17800    264.30789
0.18000    264.42814
0.18200    264.54823
0.18400    264.66815
0.18600    264.78790
0.18800    264.90748
0.19000    265.02688
0.19200    265.14611
0.19400    265.26516
0.19600    265.38403
0.19800    265.50272
0.20000    265.62124
0.20200    265.73956
0.20400    265.85771
0.20600    265.97567
0.20800    266.09344
0.21000    266.21102
0.21200    266.32841
0.21400    266.44561
0.21600    266.56262
0.21800    266.67944
0.22000    266.79607
0.22200    266.91249
0.22400    267.02872
0.22600    267.14476
0.22800    267.26060
0.23000    267.37623
0.23200    267.49167
0.23400    267.60691
0.23600    267.72195
0.23800    267.83678
0.24000    267.95141
0.24200    268.06584
0.24400    268.18007
0.24600    268.29409
0.24800    268.40791
0.25000    268.52152
0.25200    268.63493
0.25400    268.74812
0.25600    268.86111
0.25800    268.97388
0.26000    269.08644
0.26200    269.19878
0.26400    269.31091
0.26600    269.42281
0.26800    269.53448
0.27000    269.64592
0.27200    269.75712
0.27400    269.86807
0.27600    269.97877
0.27800    270.08922
0.28000    270.19939
0.28200    270.30929
0.28400    270.41889
0.28600    270.52820
0.28800    270.63719
0.29000    270.74587
0.29200    270.85421
0.29400    270.96220
0.29600    271.06984
0.29800    271.17712
0.30000    271.28402
0.30200    271.39055
0.30400    271.49668
0.30600    271.60243
0.30800    271.70780
0.31000    271.81278
0.31200    271.91737
0.31400    272.02160
0.31600    272.12547
0.31800    272.22900
0.32000    272.33222
0.32200    272.43513
0.32400    272.53778
0.32600    272.64020
0.32800    272.74241
0.33000    272.84445
0.33200    272.94637
0.33400    273.04821
0.33600    273.15000
